32.3 31.8 31.5 31.1 30.8 30.5 30.4 30.6 32.9 35.3
37.5 39.3 40.6 41.5 41.8 41.2 39.3 37.2 36.2 35.1
34.3 33.7 33.4 31.6 32.3 31.8 31.5 31.1 30.9 30.6
30.5 30.7 33.0 35.4 37.5 39.3 40.7 41.6 41.9 41.3
39.3 37.2 36.2 35.1 34.4 33.7 33.4 31.7 32.4 31.9
31.6 31.2 31.0 30.6 30.5 30.7 32.9 35.4 37.5 39.3
40.7 41.5 41.8 41.3 39.3 37.2 36.2 35.1 34.4 33.7
33.3 31.6 32.3 31.8 31.5 31.1 30.9 30.5 30.4 30.6
32.8 35.3 37.4 39.2 40.5 41.4 41.7 41.2 39.2 37.2
36.1 35.0 34.3 33.7 33.3 31.5 32.2 31.7 31.4 31.0
30.7 30.4 30.3 30.4 32.7 35.1 37.2 39.0 40.3 41.2
41.6 41.0 39.1 37.0 35.9 34.9 34.1 33.6 33.3 31.4
32.1 31.6 31.3 30.9 30.6 30.3 30.2 30.4 32.6 35.1
37.2 38.9 40.3 41.2 41.5 41.0 39.1 37.1 35.9 34.9
34.2 33.6 33.2 31.1 32.0 31.5 31.2 30.8 30.5 30.2
30.1 30.2 32.5 35.0 37.1 38.8 40.2 41.1 41.4 40.9
39.1 37.0 35.9 35.0 34.2 33.6 33.2 31.1 32.0 31.4
31.2 30.8 30.5 30.2 30.0 30.1 32.3 34.8 36.9 38.6
39.9 40.8 41.1 40.6 38.8 36.8 35.6 34.7 34.0 33.4
33.0 30.9 31.8 31.2 30.9 30.6 30.2 29.9 29.8 29.8
32.1 34.5 36.6 38.3 39.7 40.5 40.9 40.4 38.5 36.5
35.4 34.4 33.7 33.0 32.6 30.5 31.3 30.7 30.5 30.1
29.8 29.5 29.3 29.4 31.7 34.2 36.3 38.0 39.4 40.3
40.7 40.1 38.4 36.4 35.2 34.3 33.6 32.9 32.5 30.5
31.2 30.6 30.4 30.0 29.6 29.3 29.1 29.2 31.4 34.0
36.0 37.7 39.0 39.9 40.3 39.8 38.0 36.0 34.8 34.0
33.3 32.6 32.2 30.1 30.9 30.3 30.1 29.7 29.4 29.1
28.8 28.9 31.1 33.7 35.7 37.3 38.6 39.5 39.9 39.4
37.7 35.7 34.5 33.6 32.9 32.3 31.8 29.8 30.6 30.1
29.8 29.4 29.1 28.8 28.5 28.6 30.8 33.3 35.3 37.0
38.3 39.1 39.6 39.1 37.5 35.5 34.3 33.4 32.7 32.0
31.6 29.8 30.3 29.8 29.5 29.1 28.7 28.4 28.1 28.2
30.4 32.9 34.9 36.5 37.8 38.7 39.2 38.7 37.1 35.0
33.8 32.9 32.1 31.4 30.9 29.2 29.7 29.1 28.8 28.4
28.1 27.8 27.6 27.6 29.9 32.5 34.6 36.2 37.6 38.6
39.1 38.6 37.0 34.9 33.6 32.7 31.9 31.2 30.7 29.1
29.4 28.9 28.6 28.2 27.9 27.6 27.4 27.4 29.8 32.4
34.5 36.2 37.7 38.6 39.1 38.7 37.1 34.9 33.7 32.8
32.0 31.2 30.7 29.2 29.4 28.9 28.6 28.2 27.8 27.6
27.3 27.3 29.8 32.5 34.7 36.4 37.8 38.8 39.3 38.8
37.3 35.1 33.8 32.8 32.0 31.3 30.8 29.3 29.5 29.0
28.6 28.2 27.9 27.6 27.4 27.4 29.8 32.4 34.6 36.4
37.8 38.8 39.3 38.8 37.3 35.1 33.8 32.8 32.0 31.3
30.8 29.4 29.5 28.9 28.6 28.2 27.8 27.6 27.3 27.3
29.8 32.4 34.6 36.3 37.8 38.7 39.2 38.7 37.3 35.1
33.7 32.7 31.9 31.2 30.6 29.3 29.3 28.8 28.4 27.9
27.5 27.2 27.0 27.1 29.6 32.2 34.4 36.2 37.7 38.6
39.0 38.6 37.2 34.9 33.5 32.5 31.6 30.9 30.3 29.0
28.9 28.4 28.1 27.6 27.2 26.9 26.6 26.7 29.3 31.9
34.2 36.0 37.4 38.4 38.9 38.5 37.1 34.8 33.3 32.2
31.3 30.6 30.0 29.0 28.7 28.3 27.8 27.4 27.1 26.7
26.4 26.6 29.2 31.9 34.1 36.0 37.4 38.4 38.9 38.6
37.2 34.8 33.3 32.2 31.3 30.6 30.0 29.0 28.7 28.3
27.8 27.4 27.1 26.7 26.5 26.7 29.3 32.0 34.3 36.2
37.6 38.6 39.2 38.8 37.4 35.0 33.6 32.5 31.5 30.9
30.2 29.4 28.9 28.5 28.0 27.7 27.3 26.9 26.7 26.9
29.5 32.2 34.5 36.3 37.8 38.8 39.3 39.0 37.7 35.3
33.8 32.6 31.7 31.1 30.4 29.6 29.1 28.7 28.2 27.8
27.4 27.1 26.8 27.1 29.8 32.6 34.9 36.7 38.2 39.2
39.7 39.4 38.1 35.6 34.0 32.9 31.9 31.2 30.5 29.7
29.1 28.7 28.3 27.8 27.5 27.2 26.9 27.2 30.1 32.9
35.3 37.2 38.7 39.7 40.2 39.9 38.5 36.0 34.4 33.1
32.1 31.4 30.7 29.8 29.3 28.9 28.5 28.0 27.6 27.3
27.1 27.4 30.2 33.1 35.5 37.5 39.0 40.0 40.5 40.2
38.8 36.3 34.7 33.4 32.4 31.7 31.0 30.1 29.6 29.1
28.6 28.2 27.8 27.5 27.3 27.7 30.5 33.4 35.8 37.8
39.2 40.3 40.8 40.5 39.1 36.7 35.0 33.7 32.6 31.9
31.1 30.3 29.7 29.2 28.8 28.4 28.0 27.7 27.6 27.9
30.8 33.6 36.0 38.0 39.4 40.5 41.0 40.7 39.4 37.0
35.3 34.0 33.0 32.2 31.5 30.6 30.1 29.6 29.1 28.7
28.3 28.0 27.8 28.2 31.1 33.9 36.3 38.2 39.7 40.7
41.2 41.0 39.7 37.2 35.5 34.1 33.1 32.3 31.6 30.7
30.1 29.6 29.2 28.7 28.3 28.0 27.8 28.2 31.1 33.9
36.3 38.2 39.7 40.8 41.3 41.0 39.8 37.3 35.5 34.1
33.1 32.2 31.5 30.6 30.0 29.5 29.1 28.6 28.2 27.9
27.7 28.1 31.1 33.8 36.2 38.1 39.6 40.8 41.3 41.1
39.9 37.3 35.5 34.0 33.0 32.1 31.3 30.4 29.8 29.2
28.7 28.3 27.9 27.7 27.5 28.0 31.1 33.9 36.4 38.3
39.9 41.1 41.6 41.4 40.2 37.6 35.8 34.3 33.2 32.3
31.5 30.6 30.0 29.4 28.9 28.6 28.2 27.9 27.7 28.3
31.3 34.2 36.7 38.6 40.2 41.4 41.9 41.8 40.6 38.0
36.1 34.6 33.5 32.5 31.8 30.9 30.3 29.7 29.3 29.0
28.6 28.2 28.0 28.7 31.7 34.6 37.0 38.9 40.4 41.7
42.2 42.1 40.8 38.2 36.4 34.9 33.8 32.8 32.0 31.2
30.5 29.9 29.5 29.1 28.7 28.4 28.2 28.9 31.9 34.7
37.0 38.9 40.4 41.6 42.1 41.9 40.7 38.1 36.3 34.9
33.8 32.8 32.0 31.1 30.5 30.0 29.5 29.1 28.7 28.4
28.2 28.9 31.8 34.6 36.8 38.7 40.1 41.4 41.9 41.7
40.5 38.0 36.3 34.9 33.8 32.8 32.0 31.2 30.5 29.9
29.5 29.0 28.7 28.4 28.2 28.9 31.9 34.6 36.9 38.8
40.2 41.5 42.0 41.9 40.7 38.2 36.3 34.9 33.7 32.7
32.0 31.1 30.5 29.9 29.5 29.0 28.6 28.4 28.2 29.0
32.0 34.7 37.0 38.9 40.4 41.6 42.2 42.1 40.9 38.4
36.5 35.1 33.9 33.0 32.2 31.2 30.7 30.2 29.8 29.3
29.0 28.6 28.5 29.2 32.2 34.8 37.0 39.0 40.4 41.6
42.2 42.1 41.0 38.5 36.7 35.2 34.1 33.1 32.3 31.3
30.8 30.2 29.8 29.4 29.1 28.7 28.6 29.3 32.2 34.8
36.9 38.8 40.3 41.4 42.0 41.9 40.9 38.5 36.6 35.2
34.1 33.1 32.4 31.4 30.9 30.3 29.9 29.5 29.2 28.8
28.6 29.4 32.3 34.9 37.0 38.9 40.4 41.5 42.1 42.1
41.0 38.6 36.7 35.2 34.1 33.2 32.4 31.5 30.9 30.3
29.8 29.5 29.2 28.9 28.6 29.5 32.5 35.2 37.4 39.3
40.8 42.0 42.6 42.5 41.4 39.0 37.1 35.6 34.5 33.6
32.8 32.1 31.3 30.8 30.3 30.0 29.7 29.4 29.1 30.1
33.1 35.8 38.0 39.9 41.4 42.6 43.2 43.2 42.1 39.6
37.7 36.2 35.0 34.1 33.3 32.6 31.8 31.2 30.7 30.4
30.1 29.8 29.5 30.5 33.5 36.3 38.6 40.5 42.0 43.2
43.7 43.7 42.6 40.2 38.2 36.7 35.5 34.6 33.8 33.2
32.3 31.7 31.2 31.0 30.7 30.4 30.1 31.1 34.1 36.9
39.1 41.0 42.5 43.6 44.1 44.1 42.9 40.6 38.6 37.2
36.0 35.1 34.4 33.8 32.8 32.3 31.8 31.5 31.2 30.9
30.6 31.7 34.6 37.3 39.5 41.4 42.8 43.9 44.5 44.4
43.3 41.0 39.1 37.6 36.5 35.6 34.8 34.3 33.3 32.8
32.3 32.0 31.7 31.3 31.0 32.1 34.9 37.6 39.7 41.6
43.0 44.1 44.6 44.5 43.4 41.2 39.3 37.8 36.7 35.8
35.0 34.6 33.5 33.0 32.5 32.1 31.8 31.4 31.1 32.3
35.1 37.7 39.9 41.7 43.2 44.2 44.7 44.7 43.6 41.3
39.4 37.9 36.8 36.0 35.2 34.8 33.6 33.1 32.5 32.2
31.9 31.5 31.2 32.4 35.2 37.8 39.9 41.7 43.1 44.2
44.7 44.6 43.6 41.4 39.5 38.0 36.9 36.1 35.3 34.9
33.8 33.2 32.7 32.4 32.0 31.7 31.3 32.6 35.4 38.0
40.2 42.0 43.5 44.6 45.1 45.1 44.1 41.9 39.9 38.4
37.4 36.5 35.7 35.4 34.2 33.6 33.1 32.7 32.4 32.0
31.7 33.0 35.9 38.5 40.7 42.6 44.0 45.0 45.6 45.6
44.6 42.4 40.3 38.8 37.7 36.8 36.0 35.8 34.5 33.9
33.4 33.0 32.6 32.2 31.8 33.3 36.1 38.8 40.9 42.8
44.2 45.3 45.8 45.8 44.8 42.7 40.6 39.1 38.0 37.1
36.3 36.0 34.8 34.1 33.6 33.3 32.8 32.5 32.1 33.6
36.6 39.2 41.4 43.2 44.6 45.7 46.2 46.2 45.2 43.0
40.9 39.4 38.3 37.4 36.5 36.4 35.1 34.4 33.7 33.4
33.0 32.7 32.3 33.9 36.8 39.4 41.6 43.5 44.9 46.0
46.5 46.4 45.4 43.3 41.2 39.5 38.4 37.5 36.7 36.5
35.2 34.5 33.8 33.4 33.1 32.8 32.4 34.0 37.0 39.6
41.8 43.6 45.1 46.1 46.7 46.6 45.7 43.5 41.4 39.7
38.5 37.7 36.8 36.7 35.3 34.7 34.0 33.6 33.2 32.9
32.6 34.2 37.3 39.9 42.1 43.9 45.4 46.4 47.0 46.9
46.0 43.9 41.7 40.0 38.8 38.0 37.1 36.8 35.6 34.9
34.3 33.9 33.5 33.2 32.9 34.6 37.5 40.0 42.2 44.0
45.5 46.5 47.1 47.0 46.2 44.1 41.9 40.2 39.0 38.1
37.2 36.9 35.7 35.0 34.3 33.9 33.5 33.2 32.9 34.7
37.6 40.2 42.3 44.1 45.6 46.6 47.2 47.1 46.3 44.2
42.0 40.3 39.1 38.2 37.3 36.9 35.9 35.2 34.4 33.9
33.5 33.2 33.0 34.9 37.8 40.3 42.4 44.2 45.7 46.7
47.4 47.2 46.4 44.3 42.0 40.4 39.2 38.2 37.3 36.7
35.7 35.1 34.3 33.8 33.4 33.0 32.8 34.9 37.8 40.4
42.5 44.3 45.8 46.9 47.6 47.5 46.7 44.6 42.1 40.5
39.3 38.3 37.3 36.6 35.7 34.9 34.1 33.7 33.2 32.9
32.7 34.9 37.9 40.5 42.6 44.5 46.0 47.1 47.8 47.7
46.9 44.8 42.3 40.6 39.4 38.4 37.4 36.5 35.7 35.0
34.2 33.7 33.2 32.9 32.7 35.1 38.1 40.8 42.9 44.8
46.4 47.5 48.2 48.2 47.3 45.2 42.7 41.0 39.7 38.8
37.7 36.5 35.9 35.2 34.4 33.9 33.5 33.1 33.0 35.5
38.6 41.3 43.4 45.4 46.9 48.1 48.8 48.8 47.9 45.8
43.2 41.4 40.1 39.1 38.1 36.8 36.3 35.5 34.7 34.2
33.8 33.4 33.3 35.9 39.0 41.8 44.0 46.0 47.6 48.7
49.5 49.4 48.6 46.4 43.8 42.0 40.6 39.6 38.6 37.1
36.7 35.9 35.1 34.6 34.2 33.8 33.7 36.4 39.5 42.3
44.5 46.5 48.1 49.2 49.9 49.9 49.0 46.9 44.2 42.4
41.1 40.1 39.1 37.6 37.2 36.4 35.6 35.1 34.7 34.3
34.3 37.1 40.2 43.0 45.2 47.2 48.8 49.9 50.6 50.5
49.6 47.5 44.8 43.0 41.7 40.7 39.7 38.1 37.7 36.9
36.1 35.6 35.1 34.7 34.7 37.5 40.5 43.3 45.5 47.5
49.1 50.1 50.8 50.7 49.8 47.7 44.9 43.1 41.8 40.8
39.8 38.1 37.8 37.0 36.2 35.7 35.2 34.8 34.8 37.7
40.6 43.4 45.6 47.5 49.1 50.2 50.8 50.8 49.9 47.9
45.1 43.2 41.9 40.9 39.9 38.1 37.8 37.1 36.3 35.8
35.3 34.8 34.9 37.8 40.8 43.6 45.8 47.8 49.4 50.5
51.0 51.0 50.2 48.2 45.3 43.5 42.2 41.2 40.1 38.4
38.1 37.4 36.6 36.0 35.5 35.0 35.1 38.2 41.3 44.1
46.3 48.3 49.8 50.9 51.6 51.6 50.7 48.7 45.8 43.9
42.6 41.5 40.4 38.5 38.4 37.6 36.8 36.2 35.7 35.1
35.3 38.4 41.5 44.3 46.5 48.4 50.0 51.1 51.6 51.7
50.9 48.9 46.0 44.1 42.8 41.7 40.7 38.7 38.5 37.7
37.0 36.4 35.9 35.4 35.6 38.6 41.7 44.4 46.6 48.5
50.1 51.1 51.7 51.7 51.0 49.0 46.0 44.1 42.9 41.7
40.7 38.7 38.6 37.8 37.1 36.5 36.0 35.5 35.7 38.9
41.9 44.5 46.7 48.6 50.1 51.1 51.7 51.7 50.9 49.0
46.1 44.2 42.9 41.8 40.8 38.7 38.7 37.9 37.2 36.6
36.1 35.6 35.9 39.1 42.2 44.8 46.9 48.8 50.3 51.3
51.9 51.9 51.2 49.3 46.4 44.4 43.1 42.0 40.9 38.7
38.8 38.0 37.3 36.6 36.2 35.7 36.1 39.3 42.4 45.0
47.2 49.1 50.6 51.6 52.1 52.2 51.5 49.7 46.7 44.7
43.4 42.3 41.2 39.1 39.1 38.2 37.6 36.9 36.4 35.9
36.4 39.7 42.8 45.5 47.7 49.6 51.1 52.2 52.7 52.7
52.1 50.2 47.2 45.2 43.9 42.7 41.7 39.7 39.6 38.8
38.1 37.4 36.9 36.4 36.9 40.2 43.3 46.0 48.2 50.1
51.6 52.6 53.1 53.1 52.5 50.6 47.6 45.6 44.3 43.1
42.1 40.2 40.1 39.2 38.5 37.8 37.4 36.9 37.4 40.7
43.8 46.4 48.6 50.5 52.0 53.0 53.5 53.5 52.8 51.1
48.1 46.1 44.8 43.7 42.6 40.8 40.5 39.7 39.0 38.3
37.9 37.4 38.0 41.3 44.3 46.8 49.0 50.9 52.4 53.3
53.8 53.9 53.2 51.4 48.5 46.5 45.2 44.0 42.9 41.3
41.0 40.2 39.5 38.8 38.3 37.8 38.5 41.8 44.8 47.3
49.5 51.4 52.9 53.9 54.4 54.4 53.8 52.0 49.1 47.0
45.7 44.5 43.4 41.8 41.3 40.5 39.8 39.1 38.6 38.2
38.9 42.2 45.2 47.7 49.9 51.7 53.3 54.2 54.8 54.8
54.2 52.4 49.4 47.4 46.0 44.8 43.6 42.1 41.6 40.8
40.1 39.4 39.0 38.5 39.3 42.7 45.7 48.1 50.3 52.2
53.6 54.7 55.2 55.3 54.6 52.9 49.9 47.8 46.5 45.3
44.1 42.4 42.1 41.3 40.6 39.8 39.4 38.9 39.7 43.2
46.2 48.7 50.9 52.8 54.2 55.2 55.8 55.8 55.2 53.4
50.5 48.3 46.9 45.7 44.5 42.6 42.5 41.7 41.0 40.3
39.8 39.4 40.3 43.8 46.9 49.3 51.5 53.4 54.9 55.9
56.5 56.5 55.9 54.0 51.0 48.9 47.4 46.2 44.9 43.0
42.9 42.1 41.5 40.7 40.3 39.9 40.8 44.4 47.5 50.0
52.2 54.2 55.7 56.7 57.3 57.2 56.6 54.7 51.7 49.6
48.2 46.8 45.6 43.8 43.6 42.7 42.1 41.4 40.9 40.5
41.5 45.0 48.1 50.7 52.8 54.8 56.3 57.3 57.9 57.8
57.2 55.3 52.2 50.0 48.5 47.2 45.9 44.1 43.9 43.1
42.4 41.7 41.2 40.8 41.9 45.5 48.6 51.1 53.4 55.3
56.8 57.9 58.5 58.4 57.7 55.9 52.9 50.6 49.2 47.8
46.5 44.7 44.5 43.7 43.0 42.3 41.7 41.4 42.5 46.1
49.1 51.6 53.9 55.8 57.4 58.5 59.0 58.9 58.3 56.4
53.4 51.2 49.7 48.3 47.0 45.2 45.1 44.2 43.6 42.8
42.3 41.9 43.1 46.6 49.6 52.2 54.4 56.3 57.8 58.9
59.5 59.4 58.7 56.9 53.9 51.5 50.0 48.7 47.4 45.6
45.5 44.6 44.0 43.2 42.7 42.3 43.6 47.2 50.1 52.6
54.8 56.6 58.2 59.4 59.9 59.8 59.1 57.2 54.2 51.8
50.3 49.0 47.7 46.0 45.8 45.0 44.3 43.6 43.0 42.7
44.0 47.5 50.4 52.8 54.9 56.8 58.3 59.4 59.8 59.8
59.2 57.3 54.3 51.9 50.4 49.1 47.7 46.1 45.9 45.0
44.3 43.6 43.1 42.8 44.2 47.7 50.6 53.0 55.1 56.9
58.4 59.5 60.1 60.0 59.4 57.6 54.6 52.1 50.5 49.2
47.8 46.1 46.0 45.2 44.5 43.8 43.2 42.9 44.5 48.0
50.8 53.2 55.3 57.1 58.6 59.7 60.2 60.2 59.7 57.8
54.8 52.2 50.5 49.2 47.8 46.1 46.0 45.2 44.6 43.8
43.3 43.0 44.6 48.2 51.0 53.4 55.5 57.3 58.8 60.0
60.5 60.4 59.9 58.1 55.0 52.4 50.7 49.3 48.0 46.2
46.1 45.2 44.6 43.8 43.3 42.9 44.7 48.2 51.1 53.5
55.6 57.3 58.8 60.0 60.4 60.5 59.9 58.1 55.0 52.4
50.7 49.3 48.0 46.1 46.0 45.2 44.5 43.8 43.2 42.9
44.8 48.4 51.3 53.7 55.7 57.4 58.9 60.2 60.6 60.6
60.1 58.2 55.2 52.6 50.9 49.5 48.2 46.4 46.3 45.4
44.8 44.1 43.5 43.1 45.1 48.7 51.6 54.0 56.0 57.7
59.2 60.4 60.9 61.0 60.4 58.6 55.6 53.0 51.3 49.9
48.5 46.9 46.6 45.7 45.1 44.3 43.7 43.4 45.5 49.0
51.9 54.2 56.3 58.0 59.6 60.7 61.2 61.3 60.8 59.0
56.0 53.3 51.6 50.3 48.8 47.4 46.9 46.0 45.4 44.6
44.0 43.6 45.8 49.3 52.1 54.5 56.6 58.3 59.7 60.9
61.3 61.4 60.8 59.1 56.1 53.4 51.8 50.5 49.0 47.7
47.1 46.2 45.5 44.7 44.1 43.8 46.1 49.6 52.3 54.7
56.8 58.4 59.8 60.9 61.4 61.4 60.8 59.2 56.2 53.5
51.8 50.4 49.0 47.7 47.0 46.1 45.5 44.6 44.0 43.7
46.2 49.8 52.7 55.0 57.2 58.8 60.2 61.3 61.8 61.8
61.2 59.6 56.6 53.9 52.2 50.9 49.5 48.2 47.5 46.5
45.9 44.9 44.3 44.1 46.6 50.3 53.2 55.7 57.8 59.4
60.8 61.9 62.3 62.4 61.8 60.2 57.2 54.4 52.6 51.3
49.9 48.6 47.9 46.9 46.2 45.3 44.8 44.5 47.2 50.8
53.7 56.2 58.3 59.8 61.2 62.2 62.7 62.7 62.2 60.5
57.5 54.7 52.9 51.5 50.1 49.0 48.2 47.2 46.6 45.7
45.1 44.9 47.6 51.2 54.1 56.6 58.7 60.3 61.7 62.7
63.2 63.2 62.6 61.0 57.9 55.0 53.3 51.9 50.5 49.4
48.5 47.5 46.9 46.0 45.5 45.3 48.0 51.6 54.5 57.0
59.1 60.7 62.1 63.1 63.6 63.5 62.9 61.4 58.3 55.4
53.6 52.3 50.8 49.6 48.7 47.8 47.1 46.3 45.7 45.6
48.4 52.0 55.0 57.5 59.7 61.3 62.6 63.6 64.0 64.0
63.4 61.8 58.8 55.8 54.0 52.6 51.2 49.8 49.1 48.1
47.5 46.7 46.1 46.0 48.9 52.5 55.5 58.1 60.3 61.9
63.3 64.1 64.6 64.5 63.8 62.3 59.2 56.3 54.5 53.1
51.6 50.3 49.5 48.5 47.9 47.0 46.5 46.4 49.4 53.1
56.1 58.7 60.9 62.5 63.9 64.7 65.2 65.1 64.4 62.8
59.7 56.7 54.9 53.5 52.0 50.6 49.8 48.8 48.2 47.4
46.8 46.7 49.8 53.5 56.7 59.3 61.5 63.1 64.4 65.2
65.6 65.6 64.9 63.3 60.1 57.1 55.3 53.8 52.3 51.0
50.1 49.2 48.6 47.7 47.1 47.0 50.3 54.0 57.2 59.9
62.1 63.6 65.0 65.7 66.1 66.1 65.3 63.7 60.6 57.6
55.7 54.3 52.7 51.3 50.5 49.5 48.9 48.0 47.4 47.4
50.7 54.5 57.6 60.3 62.4 64.0 65.3 66.1 66.5 66.5
65.8 64.2 61.0 57.9 56.0 54.5 53.0 51.6 50.7 49.7
49.1 48.3 47.6 47.7 51.0 54.8 58.0 60.7 62.8 64.5
65.8 66.6 67.0 66.9 66.3 64.7 61.6 58.4 56.4 54.9
53.4 51.9 51.0 50.1 49.4 48.6 47.9 47.9 51.4 55.3
58.5 61.2 63.3 65.0 66.3 67.1 67.4 67.4 66.7 65.1
62.0 58.8 56.9 55.4 53.8 52.3 51.5 50.5 49.8 49.0
48.3 48.4 51.9 55.7 58.9 61.7 63.7 65.4 66.8 67.6
67.9 67.9 67.2 65.6 62.5 59.3 57.3 55.8 54.2 52.5
51.8 50.9 50.2 49.5 48.8 48.9 52.3 56.0 59.2 61.9
64.0 65.6 67.1 67.9 68.2 68.2 67.5 65.8 62.8 59.5
57.5 56.1 54.5 52.7 52.1 51.2 50.5 49.8 49.1 49.2
52.6 56.2 59.3 62.0 64.1 65.7 67.1 67.9 68.2 68.2
67.5 65.8 62.8 59.5 57.6 56.1 54.5 52.8 52.1 51.2
50.6 49.9 49.2 49.3 52.8 56.4 59.6 62.3 64.3 65.9
67.3 68.1 68.4 68.3 67.5 65.9 62.9 59.7 57.7 56.3
54.7 52.9 52.3 51.4 50.8 50.1 49.3 49.5 53.0 56.7
59.9 62.6 64.6 66.3 67.7 68.5 68.8 68.6 67.8 66.2
63.2 59.9 58.0 56.5 54.9 53.1 52.4 51.6 50.9 50.2
49.4 49.6 53.3 57.0 60.2 62.9 64.9 66.6 67.9 68.8
69.0 68.9 68.1 66.5 63.5 60.3 58.3 56.8 55.3 53.5
52.8 51.9 51.2 50.5 49.7 49.9 53.7 57.4 60.6 63.2
65.2 66.9 68.1 69.0 69.3 69.1 68.3 66.7 63.8 60.5
58.6 57.0 55.5 53.7 53.1 52.2 51.5 50.7 50.0 50.2
54.0 57.6 60.8 63.4 65.4 67.1 68.4 69.3 69.6 69.5
68.6 67.0 64.1 60.9 59.0 57.4 55.9 54.2 53.5 52.6
51.8 51.1 50.3 50.6 54.4 58.0 61.1 63.7 65.7 67.4
68.7 69.6 69.9 69.7 68.9 67.3 64.4 61.1 59.3 57.7
56.1 54.4 53.8 52.8 52.1 51.4 50.6 50.9 54.7 58.2
61.4 64.0 66.0 67.7 69.0 69.9 70.1 69.9 69.2 67.7
64.8 61.5 59.6 58.0 56.5 55.0 54.2 53.2 52.4 51.7
50.9 51.3 55.1 58.6 61.6 64.2 66.2 67.9 69.1 70.1
70.4 70.1 69.3 67.8 64.9 61.7 59.8 58.3 56.8 55.2
54.4 53.4 52.6 51.9 51.1 51.6 55.4 58.9 61.9 64.5
66.4 68.1 69.3 70.3 70.6 70.3 69.5 68.0 65.2 61.9
60.0 58.5 57.0 55.5 54.6 53.7 52.9 52.1 51.4 51.9
55.7 59.1 62.2 64.8 66.8 68.4 69.6 70.6 70.9 70.4
69.6 68.1 65.3 62.1 60.3 58.8 57.3 55.6 55.0 53.9
53.2 52.4 51.7 52.3 56.0 59.5 62.6 65.1 67.1 68.7
69.9 70.8 71.1 70.6 69.8 68.2 65.5 62.3 60.4 58.8
57.4 55.6 55.1 54.1 53.3 52.6 51.9 52.6 56.3 59.6
62.7 65.1 67.0 68.7 69.9 70.7 70.9 70.4 69.6 68.1
65.4 62.2 60.3 58.8 57.4 55.6 55.1 54.1 53.4 52.7
52.1 52.7 56.4 59.8 62.7 65.2 67.1 68.7 69.8 70.7
70.9 70.5 69.7 68.2 65.5 62.3 60.4 58.9 57.5 55.9
55.3 54.3 53.6 52.9 52.3 53.0 56.7 60.1 63.0 65.4
67.3 68.9 70.0 70.8 71.1 70.6 69.8 68.4 65.7 62.6
60.7 59.1 57.8 56.4 55.5 54.6 53.8 53.2 52.6 53.4
57.0 60.4 63.3 65.8 67.6 69.2 70.3 71.1 71.3 70.8
70.0 68.6 66.0 62.9 61.0 59.4 58.1 56.8 55.9 54.9
54.1 53.5 52.9 53.7 57.2 60.6 63.5 66.0 67.8 69.3
70.5 71.2 71.5 71.0 70.3 68.8 66.2 63.1 61.2 59.5
58.2 57.0 56.0 55.0 54.2 53.5 52.9 53.8 57.4 60.8
63.7 66.2 68.0 69.5 70.7 71.5 71.8 71.3 70.5 69.1
66.5 63.3 61.4 59.8 58.4 57.2 56.2 55.2 54.5 53.8
53.2 54.1 57.7 61.1 64.0 66.4 68.2 69.8 70.9 71.7
72.0 71.5 70.8 69.4 66.8 63.5 61.6 60.0 58.7 57.5
56.4 55.4 54.7 54.0 53.4 54.4 57.9 61.3 64.2 66.8
68.5 70.1 71.2 71.9 72.3 71.8 71.1 69.7 67.1 63.8
61.9 60.4 59.0 57.9 56.8 55.8 55.1 54.4 53.8 54.8
58.3 61.7 64.7 67.2 69.0 70.6 71.6 72.3 72.6 72.1
71.5 70.0 67.4 64.1 62.2 60.7 59.3 58.2 57.2 56.1
55.4 54.7 54.2 55.2 58.6 62.1 65.0 67.5 69.3 70.8
71.9 72.6 72.8 72.3 71.6 70.1 67.6 64.4 62.5 61.0
59.7 58.6 57.6 56.5 55.8 55.1 54.6 55.6 59.0 62.3
65.2 67.7 69.4 70.9 72.0 72.7 73.0 72.4 71.7 70.2
67.8 64.5 62.6 61.2 59.9 58.7 57.8 56.8 56.1 55.5
54.9 56.0 59.3 62.6 65.4 67.7 69.4 70.9 72.0 72.7
73.0 72.5 71.8 70.4 67.9 64.7 62.8 61.3 60.1 58.8
58.0 57.0 56.3 55.7 55.2 56.3 59.5 62.8 65.5 67.9
69.6 71.1 72.2 72.9 73.2 72.8 72.0 70.6 68.2 65.0
63.1 61.6 60.3 59.1 58.3 57.3 56.7 56.1 55.5 56.7
59.9 63.2 65.9 68.3 69.9 71.4 72.6 73.2 73.5 73.2
72.4 71.0 68.6 65.3 63.3 61.8 60.6 59.3 58.5 57.6
56.8 56.2 55.7 56.9 60.2 63.5 66.3 68.6 70.2 71.7
72.9 73.5 73.8 73.5 72.7 71.4 69.0 65.6 63.7 62.2
60.9 59.7 58.9 57.9 57.2 56.5 56.0 57.3 60.6 64.0
66.8 69.1 70.8 72.3 73.4 74.0 74.4 74.1 73.4 72.0
69.6 66.2 64.1 62.6 61.3 60.0 59.2 58.3 57.5 56.9
56.3 57.7 61.1 64.5 67.3 69.7 71.4 72.9 74.0 74.6
74.9 74.6 73.9 72.5 70.1 66.6 64.6 63.1 61.8 60.3
59.6 58.6 57.8 57.1 56.6 58.0 61.5 64.9 67.8 70.2
71.9 73.3 74.4 75.0 75.4 75.2 74.4 73.0 70.5 67.0
64.9 63.5 62.1 60.4 59.9 59.0 58.2 57.6 57.0 58.4
61.9 65.2 68.1 70.4 72.1 73.6 74.7 75.4 75.6 75.4
74.6 73.2 70.7 67.2 65.1 63.7 62.3 60.5 60.2 59.3
58.5 57.9 57.3 58.8 62.2 65.5 68.3 70.7 72.4 73.8
74.8 75.4 75.7 75.5 74.7 73.4 70.9 67.4 65.3 64.0
62.6 60.7 60.5 59.6 58.8 58.2 57.7 59.2 62.5 65.8
68.6 70.8 72.5 74.0 75.0 75.6 75.9 75.7 75.0 73.6
71.2 67.7 65.7 64.3 63.0 61.0 60.9 60.1 59.3 58.7
58.2 59.7 63.0 66.2 68.9 71.1 72.9 74.3 75.4 75.9
76.2 76.0 75.2 73.8 71.4 68.0 65.9 64.6 63.3 61.3
61.3 60.4 59.7 59.1 58.6 60.1 63.4 66.5 69.3 71.5
73.2 74.7 75.7 76.3 76.6 76.4 75.6 74.2 71.8 68.4
66.3 64.9 63.6 61.6 61.5 60.7 60.0 59.4 58.9 60.5
63.8 66.9 69.7 71.9 73.7 75.1 76.2 76.8 77.1 76.9
76.1 74.7 72.3 68.8 66.7 65.3 64.0 61.9 61.9 61.1
60.4 59.8 59.3 60.8 64.2 67.3 70.1 72.3 74.1 75.6
76.6 77.2 77.5 77.4 76.5 75.1 72.6 69.2 67.1 65.7
64.3 62.2 62.1 61.3 60.6 60.0 59.4 61.1 64.4 67.7
70.5 72.7 74.5 75.9 77.0 77.6 77.8 77.8 76.8 75.5
73.0 69.5 67.4 66.0 64.6 62.5 62.5 61.7 60.9 60.3
59.8 61.4 64.8 68.0 71.0 73.2 75.1 76.4 77.5 78.1
78.3 78.2 77.3 75.9 73.5 70.0 67.8 66.4 65.0 63.0
62.9 62.1 61.4 60.7 60.2 61.8 65.2 68.5 71.4 73.7
75.5 76.9 78.0 78.5 78.7 78.6 77.7 76.3 73.8 70.4
68.2 66.9 65.5 63.5 63.4 62.6 61.8 61.2 60.6 62.3
65.6 68.9 71.8 74.0 75.9 77.2 78.2 78.8 78.9 78.8
77.8 76.4 74.0 70.5 68.4 67.1 65.7 63.7 63.7 62.9
62.2 61.5 61.0 62.7 66.0 69.2 72.1 74.3 76.2 77.5
78.5 79.1 79.2 79.0 78.0 76.6 74.2 70.8 68.7 67.4
66.0 64.1 64.0 63.2 62.5 61.9 61.3 62.9 66.2 69.4
72.3 74.5 76.4 77.7 78.8 79.3 79.4 79.2 78.1 76.7
74.3 71.0 68.9 67.6 66.3 64.4 64.3 63.6 62.8 62.2
61.7 63.2 66.4 69.6 72.5 74.7 76.5 77.8 78.9 79.6
79.5 79.3 78.2 76.8 74.4 71.1 69.1 67.8 66.5 64.7
64.5 63.8 63.1 62.6 62.0 63.5 66.7 69.9 72.7 74.9
76.8 78.0 79.2 79.7 79.6 79.4 78.3 76.9 74.6 71.4
69.3 68.0 66.8 65.1 64.8 64.1 63.4 62.8 62.2 63.8
67.0 70.2 73.1 75.4 77.2 78.5 79.7 80.2 80.2 79.9
78.8 77.4 75.1 71.8 69.8 68.4 67.1 65.5 65.1 64.4
63.7 63.1 62.5 64.1 67.3 70.6 73.5 75.8 77.7 79.0
80.2 80.8 80.8 80.5 79.3 77.9 75.5 72.3 70.2 68.8
67.5 65.9 65.5 64.8 64.0 63.4 62.9 64.4 67.6 70.9
73.9 76.2 78.1 79.4 80.6 81.1 81.1 80.8 79.7 78.1
75.8 72.5 70.4 69.0 67.8 66.2 65.7 64.9 64.2 63.6
63.0 64.5 67.8 71.1 74.1 76.4 78.3 79.7 80.8 81.4
81.4 81.1 80.0 78.4 76.1 72.8 70.7 69.3 68.0 66.4
65.9 65.2 64.4 63.8 63.3 64.8 68.1 71.4 74.3 76.7
78.6 79.9 81.1 81.7 81.6 81.3 80.2 78.6 76.3 73.0
70.9 69.5 68.3 66.7 66.2 65.4 64.7 64.0 63.5 65.0
68.2 71.5 74.3 76.7 78.5 79.8 81.0 81.6 81.5 81.2
80.2 78.6 76.3 73.0 70.9 69.5 68.2 66.7 66.1 65.4
64.6 64.0 63.5 65.0 68.3 71.6 74.4 76.8 78.6 80.0
81.2 81.7 81.7 81.3 80.3 78.8 76.5 73.1 71.0 69.6
68.4 66.9 66.3 65.6 64.8 64.2 63.7 65.2 68.4 71.7
74.6 77.0 78.9 80.3 81.5 82.0 81.9 81.6 80.6 79.1
76.8 73.3 71.2 69.8 68.5 67.0 66.4 65.7 64.9 64.3
63.8 65.4 68.6 72.0 74.9 77.3 79.2 80.6 81.8 82.3
82.2 81.8 80.7 79.2 76.9 73.5 71.4 69.9 68.6 67.0
66.5 65.8 65.1 64.4 63.9 65.5 68.8 72.2 75.1 77.6
79.5 80.9 82.0 82.5 82.4 82.1 81.0 79.5 77.1 73.7
71.5 70.1 68.8 67.1 66.7 65.9 65.2 64.5 63.9 65.6
68.9 72.3 75.3 77.8 79.7 81.1 82.2 82.7 82.7 82.3
81.2 79.7 77.4 73.9 71.7 70.3 69.0 67.4 66.9 66.2
65.4 64.7 64.1 65.8 69.1 72.4 75.4 77.9 79.8 81.2
82.3 82.7 82.8 82.4 81.4 79.8 77.5 74.0 71.9 70.4
69.1 67.6 67.0 66.3 65.5 64.8 64.2 65.9 69.2 72.5
75.5 78.0 79.9 81.3 82.3 82.7 82.8 82.3 81.4 79.9
77.5 74.1 71.9 70.5 69.1 67.6 67.1 66.3 65.6 64.9
64.3 65.9 69.1 72.4 75.4 77.9 79.8 81.2 82.3 82.7
82.8 82.4 81.4 79.9 77.6 74.1 71.9 70.5 69.2 67.6
67.1 66.3 65.6 64.9 64.3 65.9 69.2 72.5 75.5 78.0
79.8 81.3 82.4 82.8 82.9 82.5 81.6 80.0 77.6 74.1
71.9 70.5 69.2 67.6 67.1 66.3 65.6 65.0 64.4 66.0
69.3 72.5 75.6 78.1 80.0 81.4 82.4 82.9 83.0 82.6
81.7 80.2 77.7 74.2 72.1 70.7 69.4 67.8 67.3 66.5
65.8 65.1 64.5 66.1 69.4 72.7 75.7 78.2 80.1 81.6
82.6 83.1 83.2 82.7 81.8 80.3 77.9 74.4 72.3 70.9
69.6 68.0 67.5 66.7 66.0 65.4 64.8 66.4 69.7 73.0
75.9 78.5 80.4 81.8 82.8 83.3 83.3 82.9 81.9 80.5
78.2 74.7 72.5 71.1 69.8 68.2 67.7 67.0 66.3 65.6
65.0 66.6 69.9 73.1 76.1 78.7 80.6 82.0 83.0 83.5
83.6 83.1 82.1 80.8 78.5 74.9 72.7 71.3 70.0 68.4
67.9 67.1 66.4 65.7 65.0 66.7 70.0 73.3 76.3 78.9
80.8 82.2 83.2 83.7 83.8 83.3 82.3 80.9 78.6 75.0
72.8 71.4 70.0 68.5 68.0 67.2 66.5 65.8 65.1 66.7
70.1 73.5 76.5 79.1 81.1 82.5 83.5 84.0 84.1 83.6
82.6 81.2 78.8 75.2 73.0 71.6 70.3 68.8 68.3 67.4
66.8 66.0 65.4 66.9 70.3 73.7 76.8 79.3 81.3 82.7
83.8 84.3 84.3 83.7 82.8 81.3 78.9 75.5 73.3 71.9
70.6 69.1 68.6 67.8 67.1 66.4 65.7 67.2 70.5 73.9
76.9 79.3 81.4 82.7 83.8 84.3 84.3 83.8 82.8 81.4
79.0 75.5 73.3 72.0 70.7 69.3 68.7 67.8 67.2 66.4
65.8 67.2 70.6 74.0 76.9 79.4 81.4 82.8 83.8 84.4
84.4 83.9 82.9 81.5 79.1 75.6 73.4 72.0 70.7 69.3
68.7 67.8 67.2 66.4 65.8 67.2 70.6 74.0 76.9 79.4
81.4 82.7 83.8 84.4 84.3 83.8 82.9 81.5 79.1 75.7
73.4 72.0 70.8 69.4 68.7 68.0 67.3 66.6 66.0 67.3
70.7 74.1 77.0 79.4 81.5 82.8 83.9 84.5 84.4 84.0
83.0 81.7 79.3 75.8 73.6 72.2 70.9 69.5 68.9 68.1
67.4 66.7 66.1 67.4 70.8 74.2 77.1 79.6 81.6 82.9
84.1 84.6 84.5 84.1 83.1 81.8 79.3 75.9 73.6 72.2
70.9 69.6 68.9 68.1 67.5 66.8 66.2 67.5 70.9 74.4
77.3 79.7 81.8 83.1 84.3 84.9 84.7 84.4 83.4 82.1
79.6 76.1 73.9 72.4 71.1 69.7 69.1 68.3 67.6 66.9
66.4 67.7 71.2 74.7 77.7 80.1 82.2 83.5 84.7 85.3
85.2 84.9 83.9 82.6 80.1 76.5 74.2 72.7 71.4 69.9
69.4 68.5 67.9 67.1 66.6 67.8 71.4 75.0 78.0 80.5
82.6 84.0 85.1 85.7 85.6 85.2 84.3 82.9 80.4 76.8
74.6 73.1 71.7 70.2 69.7 68.8 68.2 67.4 66.8 68.0
71.7 75.3 78.3 80.8 82.8 84.2 85.3 85.9 85.8 85.5
84.6 83.2 80.6 77.0 74.7 73.2 71.8 70.3 69.8 69.0
68.3 67.6 67.0 68.2 71.8 75.5 78.5 80.9 83.0 84.3
85.5 86.0 85.9 85.6 84.7 83.3 80.7 77.0 74.7 73.2
71.8 70.3 69.9 69.0 68.3 67.6 67.0 68.2 71.8 75.5
78.6 81.0 83.1 84.5 85.7 86.2 86.2 85.9 84.9 83.4
80.8 77.1 74.8 73.3 71.9 70.4 69.9 69.1 68.4 67.8
67.2 68.3 71.9 75.7 78.8 81.2 83.2 84.7 85.8 86.2
86.2 85.9 84.9 83.4 80.7 77.1 74.8 73.4 72.1 70.6
70.1 69.3 68.7 68.0 67.4 68.5 72.0 75.7 78.7 81.1
83.2 84.6 85.8 86.2 86.2 86.0 84.9 83.4 80.7 77.2
74.9 73.5 72.2 70.6 70.2 69.5 68.8 68.2 67.7 68.7
72.2 75.7 78.7 81.1 83.1 84.5 85.6 86.1 86.1 85.8
84.8 83.2 80.6 77.0 74.8 73.4 72.1 70.6 70.2 69.5
68.8 68.2 67.7 68.6 72.1 75.6 78.6 81.0 82.9 84.3
85.4 85.8 85.9 85.7 84.6 83.1 80.5 76.9 74.7 73.3
72.0 70.5 70.1 69.4 68.7 68.1 67.6 68.5 72.0 75.5
78.6 81.0 82.9 84.3 85.4 85.8 85.8 85.5 84.5 82.9
80.3 76.9 74.7 73.4 72.1 70.6 70.3 69.6 68.9 68.4
67.9 68.7 72.0 75.4 78.5 80.9 82.8 84.3 85.4 85.8
85.7 85.4 84.4 82.8 80.3 76.9 74.9 73.5 72.3 70.8
70.5 69.8 69.1 68.6 68.1 68.9 72.1 75.5 78.5 81.0
82.9 84.3 85.4 85.9 85.9 85.5 84.5 82.8 80.3 77.0
74.9 73.6 72.3 70.9 70.5 69.8 69.1 68.6 68.1 68.9
72.1 75.5 78.5 81.0 82.9 84.4 85.4 85.9 85.9 85.6
84.4 82.7 80.3 77.0 74.9 73.6 72.3 70.8 70.5 69.8
69.1 68.6 68.1 68.9 72.0 75.4 78.4 80.9 82.8 84.2
85.2 85.8 85.8 85.5 84.3 82.7 80.2 76.9 74.9 73.6
72.3 70.8 70.5 69.8 69.1 68.6 68.1 68.8 71.9 75.3
78.3 80.8 82.7 84.1 85.1 85.7 85.7 85.5 84.3 82.6
80.1 76.9 74.8 73.5 72.3 70.8 70.5 69.9 69.1 68.6
68.2 68.8 71.9 75.2 78.2 80.6 82.5 84.0 85.0 85.5
85.6 85.3 84.1 82.4 79.9 76.7 74.7 73.4 72.2 70.7
70.5 69.8 69.1 68.6 68.1 68.8 71.7 75.0 78.0 80.5
82.4 83.8 84.8 85.3 85.4 85.1 84.0 82.2 79.7 76.6
74.6 73.2 72.1 70.6 70.4 69.7 69.0 68.5 68.1 68.7
71.6 74.8 77.9 80.4 82.3 83.8 84.8 85.3 85.3 85.0
83.8 82.2 79.7 76.5 74.6 73.2 72.1 70.6 70.4 69.6
69.0 68.5 68.1 68.6 71.5 74.8 77.9 80.4 82.3 83.8
84.9 85.3 85.3 85.0 83.9 82.2 79.7 76.5 74.6 73.2
72.0 70.5 70.3 69.6 68.9 68.4 68.0 68.5 71.5 74.8
77.9 80.4 82.4 83.9 84.9 85.3 85.2 85.0 84.0 82.3
79.7 76.6 74.7 73.3 72.1 70.5 70.3 69.6 68.9 68.4
68.0 68.4 71.4 74.7 77.8 80.4 82.3 83.8 84.8 85.2
85.1 84.8 83.8 82.1 79.5 76.5 74.6 73.1 71.9 70.3
70.1 69.4 68.7 68.2 67.8 68.2 71.2 74.4 77.6 80.2
82.1 83.5 84.5 85.0 84.9 84.6 83.5 81.8 79.3 76.3
74.4 72.9 71.7 70.1 70.0 69.2 68.5 68.0 67.5 67.9
70.9 74.3 77.5 80.1 82.0 83.5 84.5 84.9 84.8 84.5
83.4 81.8 79.2 76.2 74.3 72.9 71.7 69.9 69.9 69.1
68.4 67.9 67.5 67.9 70.8 74.3 77.4 80.1 82.0 83.5
84.5 84.9 84.8 84.6 83.5 81.9 79.3 76.2 74.3 72.8
71.7 69.9 69.8 69.0 68.4 67.9 67.4 67.8 70.8 74.2
77.4 80.1 82.0 83.5 84.4 84.9 85.0 84.7 83.6 82.0
79.2 76.1 74.2 72.8 71.6 69.7 69.7 68.9 68.3 67.8
67.3 67.7 70.7 74.2 77.4 80.1 82.1 83.6 84.5 85.0
85.0 84.8 83.7 82.0 79.3 76.1 74.2 72.7 71.5 69.7
69.6 68.8 68.2 67.7 67.3 67.5 70.6 74.1 77.4 80.0
82.0 83.6 84.5 85.0 84.9 84.7 83.6 81.9 79.1 76.0
74.2 72.7 71.5 69.7 69.6 68.7 68.1 67.6 67.2 67.4
70.5 74.0 77.2 79.9 81.8 83.5 84.4 84.8 84.8 84.5
83.5 81.8 79.0 76.0 74.1 72.6 71.4 69.6 69.4 68.6
68.1 67.6 67.2 67.4 70.4 73.9 77.2 79.8 81.8 83.5
84.4 84.9 84.9 84.6 83.5 81.8 79.0 76.0 74.1 72.6
71.4 69.7 69.5 68.6 68.0 67.6 67.1 67.3 70.4 73.8
77.1 79.8 81.9 83.5 84.4 85.0 84.9 84.6 83.5 81.7
78.9 75.9 74.1 72.6 71.4 69.6 69.4 68.6 68.0 67.5
67.1 67.2 70.2 73.7 77.0 79.8 81.9 83.5 84.4 85.0
84.9 84.6 83.5 81.7 78.9 75.8 74.0 72.6 71.4 69.6
69.4 68.6 68.0 67.5 67.1 67.2 70.2 73.6 77.0 79.7
81.9 83.5 84.4 85.0 84.9 84.6 83.5 81.7 78.8 75.8
74.0 72.6 71.4 69.7 69.4 68.6 68.0 67.5 67.2 67.2
70.2 73.6 76.9 79.7 81.8 83.4 84.4 85.0 84.9 84.5
83.4 81.5 78.7 75.7 74.0 72.5 71.4 69.7 69.4 68.6
67.9 67.5 67.1 67.2 70.1 73.4 76.7 79.4 81.5 83.1
84.0 84.8 84.8 84.4 83.2 81.3 78.5 75.5 73.7 72.3
71.3 69.6 69.3 68.5 67.8 67.4 67.0 67.1 69.9 73.1
76.3 79.0 81.1 82.7 83.7 84.5 84.5 84.0 82.9 81.0
78.2 75.2 73.4 72.1 71.0 69.4 69.0 68.3 67.6 67.2
66.8 66.8 69.6 72.8 76.0 78.7 80.8 82.4 83.4 84.3
84.3 84.0 82.9 80.9 78.0 75.1 73.4 72.0 70.9 69.2
68.9 68.2 67.5 67.1 66.6 66.6 69.4 72.7 75.9 78.7
80.8 82.4 83.4 84.2 84.3 83.9 82.8 80.9 77.9 74.9
73.2 71.9 70.8 69.1 68.8 68.0 67.4 66.9 66.5 66.5
69.2 72.5 75.7 78.5 80.7 82.3 83.2 84.1 84.1 83.8
82.7 80.8 77.8 74.8 73.1 71.8 70.7 69.0 68.7 67.9
67.3 66.8 66.3 66.3 69.0 72.3 75.6 78.3 80.5 82.0
83.0 83.9 84.0 83.6 82.6 80.6 77.5 74.6 72.9 71.6
70.5 68.9 68.5 67.8 67.1 66.6 66.1 66.1 68.8 72.0
75.3 78.1 80.3 81.9 82.9 83.8 83.9 83.5 82.5 80.5
77.4 74.5 72.8 71.5 70.3 68.7 68.4 67.7 67.0 66.5
66.0 65.9 68.5 71.8 75.1 78.0 80.1 81.7 82.8 83.7
83.8 83.4 82.4 80.4 77.3 74.3 72.7 71.3 70.2 68.5
68.2 67.5 66.8 66.2 65.7 65.6 68.3 71.6 75.0 77.8
80.0 81.6 82.7 83.6 83.7 83.3 82.4 80.3 77.2 74.2
72.6 71.3 70.1 68.5 68.1 67.5 66.7 66.2 65.7 65.6
68.2 71.6 74.9 77.8 80.1 81.6 82.7 83.6 83.8 83.3
82.3 80.3 77.1 74.2 72.6 71.3 70.2 68.6 68.2 67.5
66.8 66.3 65.8 65.6 68.2 71.5 74.9 77.8 80.0 81.6
82.7 83.6 83.7 83.2 82.3 80.2 77.0 74.1 72.5 71.2
70.1 68.5 68.1 67.4 66.7 66.2 65.7 65.5 68.1 71.4
74.8 77.7 79.8 81.4 82.5 83.4 83.5 83.1 82.1 80.0
76.8 74.0 72.3 71.1 69.9 68.2 67.9 67.2 66.5 66.0
65.5 65.4 67.9 71.2 74.7 77.5 79.7 81.2 82.4 83.2
83.3 82.9 81.9 79.8 76.6 73.8 72.2 70.9 69.7 68.0
67.8 67.1 66.4 65.9 65.3 65.1 67.6 71.0 74.4 77.3
79.5 81.1 82.2 83.0 83.1 82.7 81.7 79.6 76.3 73.5
72.0 70.6 69.4 67.7 67.5 66.8 66.1 65.6 65.0 64.8
67.3 70.7 74.1 77.0 79.2 80.8 81.9 82.6 82.8 82.4
81.4 79.3 76.0 73.2 71.6 70.3 69.1 67.4 67.1 66.5
65.8 65.2 64.7 64.5 66.9 70.4 73.9 76.8 79.1 80.6
81.8 82.5 82.6 82.2 81.2 79.2 75.8 73.0 71.4 70.1
68.9 67.1 66.9 66.2 65.5 65.0 64.5 64.2 66.7 70.2
73.8 76.8 79.1 80.6 81.8 82.5 82.6 82.1 81.1 79.0
75.6 72.9 71.3 70.0 68.7 67.0 66.7 66.1 65.4 64.9
64.4 64.1 66.5 70.1 73.7 76.7 79.0 80.6 81.7 82.3
82.4 81.9 80.9 78.9 75.4 72.8 71.1 69.8 68.5 66.9
66.5 65.9 65.2 64.7 64.2 64.0 66.4 70.0 73.6 76.5
78.8 80.4 81.6 82.2 82.3 81.9 80.8 78.7 75.3 72.6
70.9 69.6 68.3 66.8 66.4 65.7 65.1 64.6 64.1 63.8
66.2 69.8 73.4 76.4 78.6 80.2 81.4 82.0 82.2 81.7
80.7 78.6 75.1 72.4 70.7 69.4 68.2 66.6 66.2 65.5
64.9 64.4 64.0 63.6 66.0 69.6 73.3 76.3 78.6 80.2
81.4 82.1 82.1 81.6 80.6 78.5 75.0 72.3 70.7 69.3
68.1 66.5 66.1 65.4 64.7 64.2 63.8 63.5 65.8 69.4
73.1 76.1 78.5 80.1 81.2 81.9 81.9 81.4 80.3 78.1
74.6 72.0 70.4 69.1 67.8 66.3 65.9 65.1 64.5 64.0
63.6 63.3 65.6 69.2 72.9 76.0 78.3 79.9 81.1 81.7
81.8 81.2 80.1 77.9 74.4 71.9 70.3 68.9 67.7 66.2
65.7 65.0 64.4 63.9 63.5 63.2 65.4 69.1 72.7 75.9
78.2 79.8 80.9 81.6 81.6 81.0 80.0 77.7 74.2 71.7
70.0 68.6 67.4 65.9 65.4 64.7 64.0 63.5 63.2 62.8
65.1 68.7 72.4 75.5 77.8 79.3 80.5 81.2 81.3 80.7
79.7 77.4 73.8 71.2 69.6 68.2 66.9 65.4 64.9 64.2
63.5 63.0 62.6 62.3 64.6 68.3 72.0 75.1 77.4 79.0
80.2 80.9 81.0 80.4 79.4 77.0 73.4 70.9 69.2 67.8
66.6 65.1 64.6 63.9 63.2 62.6 62.2 61.9 64.2 67.9
71.7 74.9 77.2 78.8 80.0 80.7 80.8 80.2 79.2 76.8
73.2 70.6 69.0 67.6 66.3 65.0 64.4 63.7 63.0 62.4
62.0 61.7 63.9 67.7 71.5 74.7 77.0 78.6 79.8 80.5
80.6 80.1 79.0 76.6 72.9 70.4 68.8 67.4 66.2 64.8
64.2 63.5 62.8 62.2 61.9 61.5 63.7 67.5 71.2 74.5
76.7 78.3 79.5 80.2 80.4 79.8 78.7 76.3 72.6 70.1
68.5 67.1 65.9 64.5 63.9 63.2 62.5 62.0 61.6 61.3
63.4 67.1 70.9 74.1 76.4 77.9 79.2 79.9 80.0 79.4
78.3 75.8 72.2 69.7 68.1 66.8 65.6 64.1 63.7 63.0
62.3 61.7 61.2 60.9 63.1 66.7 70.5 73.7 76.0 77.6
78.8 79.5 79.6 79.0 77.8 75.3 71.7 69.3 67.7 66.4
65.1 63.7 63.3 62.6 61.9 61.3 60.8 60.6 62.6 66.3
70.1 73.3 75.6 77.1 78.4 79.1 79.2 78.6 77.5 74.9
71.3 68.9 67.4 66.0 64.8 63.4 62.9 62.2 61.5 60.9
60.4 60.1 62.2 65.9 69.6 72.9 75.2 76.7 77.9 78.7
78.8 78.3 77.1 74.5 70.9 68.5 67.0 65.7 64.4 63.1
62.6 61.9 61.2 60.6 60.2 59.9 61.8 65.5 69.3 72.6
74.9 76.5 77.7 78.4 78.6 78.0 76.8 74.2 70.6 68.3
66.8 65.6 64.2 63.0 62.4 61.7 61.0 60.4 59.9 59.6
61.6 65.3 69.0 72.4 74.7 76.3 77.6 78.2 78.4 77.8
76.5 73.9 70.3 68.0 66.5 65.3 64.0 62.8 62.2 61.5
60.9 60.3 59.8 59.5 61.4 65.0 68.6 72.0 74.3 75.9
77.2 77.8 78.0 77.3 76.1 73.4 69.8 67.6 66.2 65.0
63.7 62.4 62.0 61.3 60.6 60.0 59.6 59.3 61.1 64.7
68.3 71.7 73.9 75.5 76.8 77.4 77.6 77.0 75.7 72.9
69.4 67.2 65.9 64.7 63.4 62.0 61.6 60.9 60.2 59.6
59.1 58.9 60.6 64.3 67.9 71.1 73.4 75.0 76.3 76.9
77.0 76.5 75.1 72.4 68.9 66.7 65.3 64.1 62.8 61.3
61.1 60.3 59.7 59.1 58.6 58.4 60.1 63.7 67.2 70.5
72.8 74.4 75.6 76.3 76.4 75.9 74.5 71.8 68.3 66.2
64.9 63.7 62.4 60.8 60.8 60.0 59.3 58.8 58.3 58.1
59.7 63.2 66.8 70.0 72.4 74.0 75.2 75.8 75.9 75.4
74.1 71.3 67.9 65.9 64.6 63.5 62.2 60.6 60.5 59.8
59.2 58.6 58.1 57.9 59.4 63.0 66.5 69.8 72.2 73.8
75.0 75.6 75.7 75.2 73.9 71.0 67.6 65.6 64.2 63.1
61.9 60.1 60.2 59.4 58.8 58.3 57.8 57.6 59.1 62.6
66.1 69.4 71.7 73.3 74.5 75.1 75.2 74.7 73.3 70.4
67.1 65.0 63.7 62.6 61.4 59.5 59.6 58.9 58.3 57.8
57.3 57.1 58.5 62.0 65.4 68.7 71.1 72.7 73.8 74.4
74.5 74.0 72.6 69.7 66.4 64.4 63.1 62.0 60.7 59.0
59.1 58.3 57.7 57.2 56.7 56.5 57.9 61.4 64.9 68.1
70.5 72.2 73.3 73.9 74.0 73.5 72.1 69.1 65.8 63.8
62.5 61.4 60.2 58.4 58.5 57.7 57.2 56.7 56.2 56.0
57.3 61.0 64.4 67.8 70.2 71.8 73.0 73.6 73.8 73.2
71.9 68.8 65.5 63.5 62.2 61.1 59.9 58.1 58.2 57.4
56.8 56.3 55.9 55.7 56.9 60.6 64.1 67.4 69.8 71.5
72.7 73.3 73.5 73.0 71.6 68.4 65.2 63.2 62.0 60.8
59.6 57.9 57.9 57.1 56.6 56.0 55.6 55.4 56.5 60.2
63.8 67.2 69.6 71.3 72.4 73.1 73.2 72.7 71.3 68.0
64.8 62.9 61.6 60.5 59.4 57.5 57.6 56.8 56.3 55.8
55.3 55.2 56.2 59.9 63.4 66.9 69.3 71.1 72.2 72.9
73.0 72.4 71.0 67.7 64.5 62.6 61.4 60.3 59.2 57.3
57.5 56.6 56.1 55.6 55.1 54.9 55.9 59.6 63.1 66.5
69.0 70.7 71.8 72.5 72.6 72.0 70.6 67.2 64.1 62.2
61.0 59.9 58.7 56.7 57.0 56.2 55.6 55.1 54.6 54.5
55.3 59.0 62.6 66.0 68.5 70.2 71.3 72.0 72.1 71.6
70.1 66.7 63.6 61.7 60.4 59.3 58.2 56.1 56.4 55.6
55.0 54.5 54.0 53.7 54.5 58.4 62.0 65.5 67.9 69.6
70.7 71.4 71.6 71.0 69.6 66.1 63.0 61.0 59.7 58.6
57.5 55.4 55.7 54.9 54.3 53.7 53.2 53.0 53.8 57.7
61.5 64.9 67.5 69.2 70.4 71.1 71.2 70.6 69.1 65.6
62.5 60.6 59.2 58.1 57.0 54.9 55.2 54.5 53.9 53.4
52.9 52.6 53.4 57.4 61.1 64.7 67.3 69.1 70.3 71.0
71.1 70.5 69.0 65.3 62.3 60.4 59.1 57.9 56.8 54.8
55.1 54.3 53.7 53.2 52.7 52.4 53.1 57.1 60.9 64.5
67.1 68.9 70.1 70.8 70.9 70.3 68.7 65.0 62.0 60.1
58.7 57.6 56.5 54.5 54.7 53.9 53.4 52.8 52.3 52.1
52.7 56.8 60.6 64.1 66.7 68.6 69.8 70.4 70.5 69.9
68.3 64.5 61.5 59.6 58.2 57.0 55.8 53.9 54.1 53.3
52.8 52.2 51.7 51.5 52.1 56.2 60.0 63.6 66.2 68.1
69.3 70.0 70.0 69.4 67.7 63.9 60.9 59.1 57.7 56.5
55.4 53.5 53.6 52.8 52.3 51.7 51.3 51.0 51.6 55.8
59.6 63.2 65.8 67.8 69.0 69.7 69.8 69.1 67.4 63.6
60.6 58.8 57.4 56.2 55.1 53.3 53.3 52.5 52.0 51.4
50.9 50.7 51.2 55.4 59.3 63.0 65.6 67.6 68.8 69.5
69.6 68.9 67.2 63.3 60.3 58.5 57.1 55.8 54.7 52.9
52.9 52.1 51.5 51.0 50.5 50.2 50.7 55.0 59.0 62.8
65.5 67.4 68.7 69.4 69.5 68.8 67.0 63.0 60.1 58.2
56.7 55.4 54.3 52.5 52.5 51.7 51.2 50.6 50.1 49.8
50.3 54.6 58.7 62.5 65.2 67.2 68.4 69.1 69.2 68.4
66.6 62.7 59.7 57.9 56.3 55.1 53.9 52.1 52.1 51.3
50.8 50.2 49.7 49.4 49.8 54.2 58.3 62.0 64.7 66.7
67.9 68.6 68.7 67.9 66.0 62.1 59.2 57.4 55.9 54.6
53.5 51.6 51.7 51.0 50.4 49.8 49.3 49.0 49.4 53.8
57.8 61.5 64.3 66.3 67.5 68.2 68.3 67.5 65.6 61.7
58.8 56.9 55.4 54.2 53.0 51.1 51.3 50.5 50.0 49.4
48.9 48.6 48.9 53.3 57.3 61.0 63.8 65.7 67.0 67.7
67.8 67.0 65.0 61.2 58.3 56.4 54.9 53.6 52.4 50.5
50.7 50.0 49.5 48.9 48.4 48.1 48.4 52.8 56.8 60.5
63.2 65.2 66.4 67.1 67.2 66.5 64.4 60.6 57.8 56.0
54.4 53.2 52.0 50.2 50.3 49.6 49.0 48.4 47.9 47.6
48.0 52.3 56.4 60.1 62.9 64.9 66.1 66.8 66.8 66.1
64.0 60.2 57.4 55.6 54.0 52.8 51.6 49.9 50.0 49.2
48.7 48.2 47.7 47.4 47.7 51.9 56.0 59.7 62.5 64.6
65.7 66.4 66.5 65.8 63.7 59.9 57.1 55.3 53.8 52.6
51.4 49.8 49.7 49.0 48.4 47.9 47.4 47.1 47.4 51.6
55.6 59.3 62.1 64.2 65.3 66.1 66.2 65.4 63.3 59.5
56.8 55.0 53.6 52.4 51.2 49.6 49.5 48.7 48.2 47.6
47.2 46.9 47.0 51.2 55.2 58.9 61.6 63.6 64.8 65.5
65.6 64.9 62.7 59.0 56.3 54.6 53.2 52.0 50.8 49.2
49.1 48.4 47.8 47.3 46.8 46.5 46.6 50.8 54.8 58.3
61.1 63.0 64.2 64.9 65.0 64.3 62.2 58.5 55.9 54.1
52.7 51.5 50.4 48.9 48.7 48.0 47.4 46.9 46.4 46.2
46.3 50.3 54.4 57.9 60.6 62.6 63.9 64.6 64.7 64.0
61.9 58.2 55.6 53.9 52.5 51.4 50.2 48.8 48.5 47.8
47.3 46.8 46.4 46.1 46.2 50.2 54.1 57.6 60.3 62.2
63.5 64.3 64.3 63.6 61.5 57.9 55.3 53.6 52.3 51.2
50.0 48.5 48.3 47.7 47.2 46.8 46.3 46.0 46.0 49.9
53.8 57.3 59.9 61.8 63.1 63.9 63.9 63.2 61.0 57.4
54.9 53.1 51.8 50.6 49.5 48.0 47.9 47.2 46.7 46.3
45.9 45.5 45.6 49.4 53.3 56.7 59.4 61.3 62.5 63.3
63.4 62.7 60.5 56.9 54.4 52.6 51.2 50.2 49.0 47.6
47.4 46.8 46.3 45.9 45.5 45.2 45.2 48.9 52.8 56.3
58.9 60.8 62.1 62.9 63.0 62.3 60.1 56.5 54.1 52.4
51.0 50.0 48.9 47.4 47.2 46.6 46.1 45.7 45.4 45.0
45.0 48.6 52.5 56.0 58.7 60.6 61.9 62.7 62.8 62.2
59.9 56.3 54.0 52.2 50.9 49.9 48.8 47.4 47.1 46.5
46.0 45.7 45.4 45.0 45.0 48.4 52.3 55.8 58.6 60.5
61.8 62.6 62.7 62.1 59.8 56.2 54.0 52.2 50.9 49.8
48.7 47.4 47.1 46.4 46.0 45.7 45.4 45.0 45.0 48.3
52.2 55.6 58.3 60.3 61.6 62.3 62.4 61.8 59.4 55.9
53.8 52.0 50.7 49.7 48.6 47.5 46.9 46.3 45.8 45.5
45.1 44.7 44.7 48.0 51.9 55.3 58.1 60.1 61.5 62.1
62.3 61.6 59.2 55.7 53.5 51.8 50.5 49.4 48.3 47.2
46.7 46.0 45.5 45.2 44.9 44.5 44.4 47.6 51.5 55.0
57.8 59.8 61.2 61.9 62.0 61.3 58.9 55.4 53.3 51.5
50.4 49.3 48.2 47.1 46.6 45.9 45.3 45.1 44.7 44.3
44.2 47.3 51.3 54.6 57.4 59.4 60.8 61.5 61.7 60.9
58.5 55.1 53.0 51.2 50.1 49.0 48.1 46.9 46.3 45.7
45.1 44.9 44.5 44.1 44.0 47.0 50.9 54.3 57.0 59.0
60.4 61.1 61.3 60.5 58.0 54.7 52.6 50.9 49.8 48.7
47.8 46.6 46.0 45.4 44.9 44.6 44.3 43.8 43.7 46.6
50.5 53.9 56.5 58.6 60.0 60.7 60.8 60.0 57.6 54.2
52.2 50.5 49.3 48.3 47.4 46.3 45.7 45.1 44.6 44.3
43.9 43.5 43.4 46.2 50.1 53.4 56.2 58.2 59.6 60.3
60.5 59.7 57.2 53.8 51.8 50.0 48.9 47.8 47.0 45.9
45.3 44.7 44.2 43.9 43.5 43.1 42.9 45.7 49.7 53.2
56.0 58.0 59.4 60.2 60.3 59.5 57.0 53.6 51.6 49.8
48.7 47.7 46.8 45.7 45.1 44.5 44.0 43.7 43.3 42.8
42.7 45.4 49.3 52.8 55.6 57.6 59.0 59.8 59.9 59.1
56.5 53.2 51.3 49.5 48.4 47.4 46.5 45.4 44.9 44.3
43.8 43.4 43.0 42.4 42.3 44.9 48.9 52.4 55.2 57.2
58.6 59.2 59.4 58.6 56.1 52.9 51.0 49.2 48.1 47.0
46.2 45.1 44.5 43.9 43.3 43.0 42.5 41.9 41.8 44.3
48.4 51.8 54.5 56.6 57.9 58.6 58.8 58.0 55.5 52.3
50.6 48.9 47.8 46.8 46.0 44.9 44.3 43.7 43.1 42.8
42.3 41.7 41.6 44.0 48.0 51.3 54.1 56.1 57.5 58.2
58.4 57.6 55.0 52.0 50.3 48.6 47.5 46.6 45.8 44.6
44.2 43.6 43.0 42.7 42.2 41.6 41.5 43.7 47.6 51.0
53.7 55.8 57.1 57.8 57.9 57.1 54.6 51.7 49.9 48.3
47.3 46.4 45.6 44.3 44.0 43.5 42.8 42.5 42.0 41.4
41.2 43.4 47.4 50.6 53.4 55.4 56.7 57.4 57.5 56.7
54.1 51.3 49.5 48.0 47.0 46.1 45.3 43.8 43.7 43.1
42.5 42.1 41.6 41.0 40.9 43.0 46.9 50.3 53.0 54.9
56.3 56.9 57.0 56.2 53.6 50.8 49.1 47.6 46.6 45.7
44.9 43.4 43.3 42.8 42.1 41.7 41.2 40.5 40.4 42.4
46.4 49.7 52.4 54.4 55.6 56.4 56.4 55.6 53.0 50.2
48.5 47.0 45.9 45.1 44.3 42.7 42.7 42.2 41.6 41.2
40.7 40.1 40.0 41.9 45.9 49.2 51.9 53.8 55.1 55.8
55.8 55.0 52.4 49.7 48.1 46.6 45.5 44.7 44.0 42.4
42.4 41.8 41.3 40.9 40.4 39.8 39.7 41.6 45.5 48.8
51.5 53.4 54.7 55.4 55.4 54.6 52.1 49.4 47.8 46.3
45.2 44.4 43.7 42.2 42.2 41.7 41.1 40.7 40.4 39.8
39.7 41.5 45.4 48.6 51.3 53.2 54.5 55.2 55.2 54.4
51.9 49.2 47.6 46.2 45.1 44.3 43.5 42.1 42.0 41.4
40.9 40.5 40.1 39.6 39.5 41.3 45.1 48.3 51.0 52.9
54.2 54.9 54.9 54.0 51.5 49.0 47.4 46.0 44.9 44.1
43.3 41.9 41.9 41.3 40.8 40.4 40.0 39.5 39.4 41.1
44.9 48.0 50.7 52.6 54.0 54.6 54.6 53.7 51.1 48.6
47.1 45.7 44.6 43.8 43.0 41.6 41.6 41.0 40.5 40.1
39.7 39.2 39.1 40.7 44.5 47.6 50.3 52.2 53.6 54.2
54.3 53.3 50.7 48.3 46.7 45.4 44.4 43.5 42.7 41.4
41.4 40.7 40.2 39.8 39.4 39.0 38.9 40.3 44.1 47.2
49.9 51.8 53.2 53.8 53.9 52.9 50.3 47.9 46.4 45.0
44.0 43.2 42.4 41.2 41.0 40.4 39.9 39.4 39.1 38.7
38.5 39.9 43.7 46.8 49.4 51.4 52.8 53.4 53.5 52.6
50.0 47.5 46.0 44.7 43.6 42.8 42.0 40.8 40.6 40.1
39.5 39.1 38.8 38.5 38.3 39.6 43.4 46.5 49.2 51.2
52.7 53.4 53.4 52.5 49.8 47.4 45.8 44.6 43.5 42.7
41.9 40.7 40.5 40.0 39.4 39.1 38.7 38.4 38.2 39.5
43.3 46.5 49.2 51.2 52.7 53.3 53.4 52.4 49.7 47.3
45.8 44.5 43.5 42.7 42.0 40.9 40.7 40.1 39.6 39.2
38.9 38.6 38.4 39.6 43.4 46.5 49.2 51.3 52.7 53.3
53.4 52.4 49.7 47.4 45.9 44.7 43.6 42.8 42.0 41.1
40.7 40.2 39.6 39.2 38.8 38.6 38.4 39.5 43.2 46.3
48.9 51.0 52.3 53.0 53.0 52.0 49.3 47.0 45.6 44.4
43.4 42.5 41.8 40.9 40.4 39.9 39.3 39.0 38.6 38.3
38.2 39.3 42.9 45.9 48.5 50.5 51.8 52.5 52.5 51.5
48.9 46.6 45.2 44.1 43.0 42.2 41.5 40.7 40.2 39.7
39.2 38.9 38.5 38.3 38.1 39.1 42.6 45.6 48.1 50.1
51.4 52.1 52.2 51.2 48.5 46.4 44.9 43.7 42.6 41.8
41.1 40.4 39.8 39.3 38.8 38.5 38.2 38.0 37.8 38.8
42.3 45.2 47.7 49.6 51.0 51.6 51.8 50.9 48.2 46.0
44.6 43.4 42.4 41.6 40.9 40.2 39.7 39.2 38.6 38.3
37.9 37.7 37.6 38.5 42.0 44.9 47.3 49.3 50.7 51.4
51.5 50.6 47.9 45.8 44.4 43.2 42.2 41.5 40.8 40.1
39.6 39.1 38.6 38.3 37.8 37.6 37.5 38.3 41.6 44.6
47.0 49.0 50.4 51.0 51.1 50.2 47.5 45.4 44.1 42.8
41.9 41.1 40.4 39.7 39.3 38.8 38.2 37.9 37.5 37.3
37.1 37.9 41.2 44.0 46.4 48.3 49.7 50.3 50.5 49.5
47.0 44.9 43.6 42.4 41.4 40.7 40.1 39.5 38.9 38.4
37.9 37.6 37.1 36.9 36.7 37.4 40.7 43.6 46.0 47.9
49.3 50.0 50.1 49.2 46.6 44.5 43.2 42.0 41.1 40.3
39.7 39.3 38.5 38.1 37.6 37.3 36.8 36.5 36.4 37.1
40.3 43.2 45.5 47.4 48.8 49.4 49.6 48.7 46.1 44.1
42.9 41.7 40.8 40.1 39.4 39.1 38.2 37.8 37.3 36.9
36.5 36.3 36.1 36.7 39.8 42.8 45.1 47.0 48.3 48.9
49.1 48.2 45.6 43.6 42.5 41.3 40.3 39.7 39.0 38.7
37.8 37.4 36.9 36.6 36.1 35.9 35.7 36.3 39.4 42.3
44.6 46.4 47.8 48.4 48.5 47.7 45.1 43.2 42.0 40.9
39.9 39.2 38.6 38.3 37.4 37.0 36.6 36.2 35.8 35.5
35.5 36.0 39.0 41.9 44.2 46.1 47.4 48.1 48.2 47.3
44.9 42.9 41.9 40.7 39.8 39.1 38.4 38.1 37.3 36.8
36.4 36.0 35.5 35.3 35.2 35.7 38.6 41.4 43.6 45.4
46.8 47.4 47.5 46.7 44.2 42.3 41.3 40.2 39.2 38.6
37.9 37.7 36.8 36.4 36.0 35.5 35.1 34.9 34.8 35.3
38.1 40.9 43.1 44.9 46.2 46.8 46.9 46.1 43.7 41.8
40.8 39.7 38.7 38.1 37.5 37.0 36.3 35.8 35.4 35.0
34.6 34.3 34.3 34.8 37.6 40.3 42.4 44.1 45.4 46.0
46.1 45.3 43.1 41.2 40.2 39.1 38.1 37.5 36.9 36.5
35.8 35.3 35.0 34.6 34.2 34.0 33.9 34.4 37.0 39.7
41.8 43.5 44.8 45.5 45.5 44.7 42.6 40.8 39.7 38.7
37.8 37.2 36.6 36.3 35.5 35.0 34.7 34.2 33.9 33.7
33.6 34.0 36.6 39.3 41.4 43.1 44.4 45.1 45.2 44.4
42.2 40.5 39.5 38.4 37.5 36.9 36.3 36.0 35.2 34.7
34.3 33.8 33.6 33.3 33.2 33.6 36.1 38.9 40.9 42.7
43.9 44.6 44.8 44.0 41.8 40.0 39.1 38.1 37.2 36.6
36.0 35.9 35.0 34.5 34.2 33.7 33.4 33.2 33.0 33.4
35.9 38.6 40.7 42.5 43.7 44.5 44.5 43.7 41.6 39.9
38.9 37.9 37.0 36.5 35.8 35.7 34.8 34.3 34.0 33.5
33.3 33.1 32.9 33.2 35.7 38.3 40.4 42.1 43.4 44.1
44.2 43.4 41.3 39.5 38.4 37.5 36.6 36.0 35.4 35.1
34.3 33.9 33.5 33.1 32.8 32.7 32.5 32.8 35.3 37.9
40.0 41.7 42.9 43.7 43.8 43.0 40.9 39.1 38.1 37.1
36.2 35.6 34.9 34.6 33.8 33.4 33.0 32.5 32.3 32.1
32.0 32.3 34.8 37.4 39.6 41.3 42.6 43.4 43.5 42.7
40.6 38.8 37.7 36.8 35.9 35.2 34.6 34.2 33.4 33.0
32.6 32.2 32.0 31.8 31.7 32.0 34.4 37.0 39.2 40.9
42.2 43.0 43.1 42.4 40.2 38.5 37.4 36.4 35.6 34.9
34.4 33.8 33.2 32.8 32.4 32.0 31.8 31.6 31.5 31.8
34.2 36.8 39.0 40.7 42.0 42.8 43.0 42.3 40.1 38.3
37.2 36.3 35.5 34.8 34.3 33.6 33.1 32.8 32.4 32.0
31.8 31.7 31.5 31.8 34.2 36.8 39.0 40.8 42.0 42.9
43.0 42.3 40.2 38.4 37.3 36.4 35.5 34.9 34.3 33.6
33.2 32.9 32.5 32.1 31.8 31.7 31.5 31.8 34.2 36.8
38.9 40.6 41.9 42.7 42.8 42.1 40.0 38.2 37.2 36.2
35.4 34.8 34.2 33.5 33.1 32.7 32.3 32.0 31.7 31.5
31.4 31.6 33.9 36.5 38.6 40.2 41.4 42.3 42.4 41.7
39.6 37.8 36.7 35.8 34.9 34.3 33.8 32.9 32.6 32.2
31.9 31.6 31.3 31.1 31.0 31.2 33.5 36.1 38.2 39.9
41.1 42.0 42.1 41.4 39.3 37.5 36.4 35.4 34.6 34.0
33.5 32.5 32.3 31.9 31.5 31.3 30.9 30.8 30.6 30.8
33.2 35.7 37.9 39.6 40.9 41.7 41.9 41.3 39.2 37.3
36.2 35.2 34.4 33.7 33.2 32.2 32.0 31.6 31.3 31.0
30.7 30.5 30.3 30.5 33.0 35.6 37.9 39.7 41.0 41.9
42.1 41.4 39.3 37.4 36.3 35.3 34.5 33.8 33.3 32.2
32.1 31.7 31.3 31.1 30.8 30.6 30.4 30.6 33.0 35.7
37.9 39.7 41.0 41.9 42.1 41.5 39.3 37.4 36.3 35.2
34.4 33.7 33.2 32.1 32.0 31.6 31.2 31.0 30.6 30.4
30.2 30.4 32.9 35.5 37.7 39.5 40.8 41.7 41.9 41.3
39.1 37.1 36.0 34.8 34.0 33.3 32.9 31.8 31.7 31.4
30.9 30.7 30.3 30.1 30.0 30.2 32.7 35.4 37.6 39.5
40.8 41.7 42.0 41.4 39.2 37.1 36.0 34.8 33.9 33.3
32.8 31.5 31.6 31.3 30.8 30.6 30.3 30.1 29.9 30.1
32.6 35.3 37.5 39.4 40.7 41.6 41.8 41.3 39.1 37.1
35.9 34.8 33.9 33.3 32.8 31.6 31.7 31.3 30.9 30.6
30.3 30.1 29.9 30.1 32.6 35.2 37.4 39.2 40.6 41.5
41.8 41.3 39.1 37.1 36.0 34.9 34.0 33.3 32.9 31.7
31.8 31.4 31.0 30.8 30.5 30.2 30.1 30.3 32.7 35.3
37.5 39.4 40.8 41.7 42.0 41.4 39.3 37.3 36.2 35.1
34.3 33.6 33.2 32.0 32.1 31.7 31.4 31.1 30.8 30.4
30.3 30.5 33.0 35.5 37.8 39.6 41.0 41.9 42.2 41.6
39.5 37.5 36.4 35.3 34.5 33.8 33.4 32.1 32.4 31.9
31.6 31.3 30.9 30.6 30.5 30.7 33.1 35.7 37.9 39.7
41.1 42.0 42.3 41.7 39.6 37.6 36.4 35.3 34.5 33.9
33.4 32.0 32.4 31.9 31.5 31.3 30.9 30.6 30.5 30.7
33.1 35.6 37.9 39.7 41.1 42.0 42.3 41.7 39.7 37.6
36.5 35.3 34.5 33.9 33.5 31.9 32.4 31.9 31.6 31.3
30.9 30.5 30.4 30.7 33.0 35.5 37.7 39.4 40.8 41.7
